0 0 0 0 4 5 5 5
0 0 0 0 4 4 6 6
0 0 0 0 4 5 5 7
0 0 0 0 4 5 6 6
0 0 0 0 3 4 6 6
0 0 0 0 4 4 4 7
0 0 0 0 4 4 5 6
0 0 0 0 4 5 6 7
0 0 0 0 4 4 6 7
0 0 0 0 3 4 5 6
0 0 0 0 3 4 4 5
0 0 0 0 3 3 4 4
0 0 0 3 4 5 6 6
0 0 0 3 3 5 6 6
0 0 0 3 4 4 6 7
0 0 0 0 3 4 4 7
0 0 0 0 3 4 6 7
0 0 0 0 2 3 4 7
0 0 0 0 2 3 4 4
0 0 0 2 3 5 5 7
0 0 0 3 4 5 5 7
0 0 0 3 4 4 5 6
0 0 0 3 4 5 6 7
0 0 0 2 3 4 5 6
0 0 0 3 3 5 5 7
0 0 0 3 3 5 6 7
0 0 0 2 3 5 6 7
0 0 0 2 3 3 6 7
0 0 0 1 2 3 5 6
0 0 0 3 3 4 5 7
0 0 0 3 3 4 5 5
0 0 0 0 1 2 3 4
0 0 0 2 3 3 5 6
0 0 0 1 2 3 6 7
0 0 1 2 3 4 5 6
